

Socket:
End-to-end Latency: 192.5,70.5,320,92,434,58,373,66,414,63.5,391.5,45,360,61.5,372.5,58.5,377.5,27,336.5,74,357.5,53,185,367,215,63,330.5,84,314.5,78.5,365.5,68.5,322,66.5,342,57.5,366.5,61.5,317,62,375,63,356,67,312.5,34,201,49,461,72,336.5,62,317,44,384.5,44,342.5,38.5,330,78.5,272.5,55,369,70.5,261.5,71,304,47,343.5,102,346.5,125,96,264.5,77.5,57,535,72.5,383,70,49.5,401,65.5,106.5,205.5,271.5,105,252.5,108.5,236,84,256.5,73,279.5,107,311.5,89.5,51,443.5,75.5,369,78,82.5,236.5,312,76.5,59.5,430.5,54,324,33,108,408.5,40,307,58,69,436,68,298,55,51,447,66.5,265.5,70.5,291,51
FPS: 2.60,7.09,1.56,5.43,1.15,8.62,1.34,7.58,1.21,7.87,1.28,11.11,1.39,8.13,1.34,8.55,1.32,18.52,1.49,6.76,1.40,9.43,2.70,1.36,2.33,7.94,1.51,5.95,1.59,6.37,1.37,7.30,1.55,7.52,1.46,8.70,1.36,8.13,1.58,8.06,1.33,7.94,1.40,7.46,1.60,14.71,2.49,10.20,1.08,6.94,1.49,8.06,1.58,11.36,1.30,11.36,1.46,12.99,1.52,6.37,1.83,9.09,1.36,7.09,1.91,7.04,1.64,10.64,1.46,4.90,1.44,4.00,5.21,1.89,6.45,8.77,0.93,6.90,1.31,7.14,10.10,1.25,7.63,4.69,2.43,1.84,4.76,1.98,4.61,2.12,5.95,1.95,6.85,1.79,4.67,1.61,5.59,9.80,1.13,6.62,1.36,6.41,6.06,2.11,1.60,6.54,8.40,1.16,9.26,1.54,15.15,4.63,1.22,12.50,1.63,8.62,7.25,1.15,7.35,1.68,9.09,9.80,1.12,7.52,1.88,7.09,1.72,9.80

Binary:
End-to-end Latency: 181.5,81,393.5,36,35.5,59.5,639,83,341,51.5,355,52,367.5,67.5,199.5,356.5,56.5,446,72,328,78.5,364,93,410,66,331,74,63.5,44.5,713.5,79,360.5,64,351.5,70.5,325,68,68.5,88.5,774.5,75,358.5,88.5,343.5,62.5,79,74,775,39.5,364.5,92.5,346.5,48,338.5,94,349,69,315.5,58.5,55.5,95,709.5,66,165,386.5,72.5,350.5,66.5,438.5,61,492,46.5,409
FPS: 2.75,6.17,1.27,13.89,14.08,8.40,0.78,6.02,1.47,9.71,1.41,9.62,1.36,7.41,2.51,1.40,8.85,1.12,6.94,1.52,6.37,1.37,5.38,1.22,7.58,1.51,6.76,7.87,11.24,0.70,6.33,1.39,7.81,1.42,7.09,1.54,7.35,7.30,5.65,0.65,6.67,1.39,5.65,1.46,8.00,6.33,6.76,0.65,12.66,1.37,5.41,1.44,10.42,1.48,5.32,1.43,7.25,1.58,8.55,9.01,5.26,0.70,7.58,3.03,1.29,6.90,1.43,7.52,1.14,8.20,1.02,10.75,1.22

Mobile:
End-to-end Latency: 413,424,411,444,562,454,477,456,408,410,419,451,410,450,449,420,455,448,403,506,546,483,478,527,406,535,418,485,486,575,457,425,528,408,403,453,470,463,447,451,425,489,539,562,401,409,419,444,455,482,519,448,440,519,438,670,735,483,423,509,483,430,427,462,467,437,456,425,432,552,429,492,553,500,525,529,615,463,436,622,422,572,448,437,429,515,553,499,462,513,487,480,444,464,439,445,424,615,442,439,512
FPS: 2.23,2.35,2.43,2.15,1.78,2.16,2.10,2.14,2.45,2.39,2.39,2.16,2.44,2.16,2.23,2.26,2.20,2.16,2.48,1.93,1.83,2.00,2.09,1.81,2.46,1.83,2.40,1.99,2.06,1.66,2.18,2.27,1.89,2.28,2.48,2.16,2.13,2.08,2.24,2.15,2.35,1.97,1.85,1.72,2.49,2.36,2.39,2.16,2.19,1.99,1.93,2.12,2.27,1.88,2.28,1.44,1.36,1.99,2.36,1.87,2.07,2.27,2.34,2.11,2.14,2.22,2.19,2.28,2.31,1.77,2.33,1.95,1.81,1.93,1.90,1.85,1.63,2.09,2.29,1.58,2.37,1.69,2.23,2.16,2.33,1.86,1.81,1.93,2.16,1.89,2.05,2.00,2.25,2.11,2.28,2.17,2.36,1.60,2.26,2.22,1.95