

Socket:
End-to-end Latency: 405.5,1558.5,3333,2177.5,1931,1941,1851,2017.5,1841.5,2016,2022.5,1977
FPS: 1.23,0.32,0.15,0.23,0.26,0.26,0.27,0.25,0.27,0.25,0.25,0.25

Binary:
End-to-end Latency: 446,1513,1579.5,1759.5,1863.5,1876.5,1964,1913,2024,2072,2010,2117.5,2139,1998,2173.5,2061,2017.5,2158,1851.5,2190.5,2029.5,2023.5,2019,2054,2124.5,2061.5,2037.5
FPS: 1.12,0.33,0.32,0.28,0.27,0.27,0.25,0.26,0.25,0.24,0.25,0.24,0.23,0.25,0.23,0.24,0.25,0.23,0.27,0.23,0.25,0.25,0.25,0.24,0.24,0.24,0.25

Mobile:
End-to-end Latency: 1990,2050,1921,1990,2228,1836,1912,2239,1888,1893,2018,2162,1868,2487,2195,2072,1939,2520,2373,2082,2173,2198,2481,1986,1881,2329,1935,1856,2156,2075,1824,2062,1828,1815,2019,2268,2372,2031,2114,2557
FPS: 0.47,0.49,0.52,0.50,0.41,0.54,0.52,0.44,0.53,0.53,0.48,0.46,0.54,0.39,0.46,0.48,0.51,0.40,0.42,0.47,0.46,0.45,0.39,0.50,0.53,0.42,0.52,0.54,0.45,0.48,0.55,0.48,0.55,0.55,0.48,0.44,0.42,0.48,0.47,0.39