

Socket:
End-to-end Latency: 109,393,438.5,300.5,368.5,357.5,347.5,460.5,335,340.5,520,427,520,425.5,332,353,470.5,382.5,318.5,365,461.5,373.5,440.5,339,385.5,433.5,335,491.5,391.5,344.5,426,467,325.5,464.5,389,313,367,379,392,320,359.5,446,357.5,409.5
FPS: 4.59,1.27,1.14,1.66,1.36,1.40,1.44,1.09,1.49,1.47,0.96,1.17,0.96,1.18,1.51,1.42,1.06,1.31,1.57,1.37,1.08,1.34,1.14,1.47,1.30,1.15,1.49,1.02,1.28,1.45,1.17,1.07,1.54,1.08,1.29,1.60,1.36,1.32,1.28,1.56,1.39,1.12,1.40,1.22

Binary:
End-to-end Latency: 183,106,565,397.5,416,458.5,387.5,463.5,527,545.5,565.5,674,587,576.5,620.5,558,575,437.5,461,415,194.5,723,465,471,383,436.5,391.5,371,455,385.5,419.5,455,475,355.5,405.5,373.5,347,355,439.5,451,450,447.5,373.5,354.5,363.5,161.5,659,422,416.5,375
FPS: 2.73,4.72,0.88,1.26,1.20,1.09,1.29,1.08,0.95,0.92,0.88,0.74,0.85,0.87,0.81,0.90,0.87,1.14,1.08,1.20,2.57,0.69,1.08,1.06,1.31,1.15,1.28,1.35,1.10,1.30,1.19,1.10,1.05,1.41,1.23,1.34,1.44,1.41,1.14,1.11,1.11,1.12,1.34,1.41,1.38,3.10,0.76,1.18,1.20,1.33

Mobile:
End-to-end Latency: 335,345,423,510,570,457,325,353,332,374,327,438,324,371,563,394,336,371,393,383,329,421,336,373,352,364,330,347,348,373,382,349,411,343,370,426,363,330,330,366,333,363,464,482,329,417,318,337,331,350,328,356,330,339,423,338,325,333,325,351,335,426,326,349,363,359,405,416,433,342,335,544,442,394,369,348,365,334,327,358,332,409,330,352,371,434,482,428,456,352,344,388,456,367,343,345,332,340,342,349,494
FPS: 2.34,2.88,2.36,1.83,1.75,1.86,3.08,2.70,3.00,2.47,3.06,2.14,3.09,2.56,1.78,2.42,2.98,2.48,2.54,2.46,3.04,2.28,2.98,2.50,2.84,2.60,3.03,2.70,2.87,2.44,2.62,2.67,2.43,2.75,2.70,2.19,2.75,2.89,3.03,2.60,2.99,2.57,2.16,1.98,3.04,2.23,3.14,2.79,3.02,2.72,3.05,2.56,3.03,2.73,2.36,2.67,3.07,2.86,3.07,2.48,2.99,2.19,3.07,2.68,2.75,2.58,2.47,2.26,2.32,2.60,2.99,1.76,2.26,2.43,2.72,2.58,2.74,2.84,3.06,2.64,3.01,2.30,3.03,2.67,2.70,2.20,2.07,2.14,2.19,2.69,2.91,2.40,2.19,2.57,2.91,2.75,3.00,2.75,2.92,2.62,2.02