

Mobile:
End-to-end Latency: 1604.00,1189.60,1171.00,1193.40,1184.00,1194.00,1153.60,1153.80,1178.40,1262.33
FPS: Infinity,0.78,0.79,0.77,0.78,0.78,0.80,0.80,0.79,0.74

Socket:
End-to-end Latency: 522.89,586.82,584.70,584.00,608.40,598.70,577.45,569.60,636.10,578.50
FPS: Infinity,1.71,1.71,1.72,1.66,1.69,1.73,1.76,1.62,1.74

Socket (AWS):
End-to-end Latency: 1195.00,1902.25,1889.00,1905.00,1765.00,1900.33,1897.75,1927.00,1950.67,1593.50
FPS: Infinity,0.53,0.53,0.53,0.58,0.53,0.53,0.52,0.51,0.64