

Socket:
End-to-end Latency: 833.50,1093.40,1078.17,1184.20,1176.00,1187.60,1139.00,1156.50,1047.00,1107.33
FPS: Infinity,0.92,0.93,0.87,0.85,0.84,0.88,0.87,0.96,0.91

Mobile:
End-to-end Latency: 1461.25,1135.40,1092.67,1136.17,1127.00,1124.00,1077.33,1077.00,1179.20,1225.40
FPS: Infinity,0.82,0.87,0.83,0.83,0.83,0.87,0.88,0.81,0.77

Socket AWS:
End-to-end Latency: 1063.00,1489.25,1690.67,1618.75,1654.25,1744.00,1698.50,1617.33,1606.25,1631.00
FPS: Infinity,0.67,0.59,0.62,0.60,0.58,0.59,0.62,0.63,0.62