

Socket:
End-to-end Latency: 1015.60,1364.25,1353.80,1352.50,1379.80,1396.00,1333.25,1343.00,1416.00,1359.80
FPS: Infinity,0.73,0.74,0.74,0.73,0.72,0.75,0.75,0.71,0.74

Mobile:
End-to-end Latency: 2131.33,1468.00,1457.00,1530.50,1469.50,1491.50,1482.25,1424.00,1514.00,1599.20
FPS: Infinity,0.64,0.65,0.62,0.63,0.64,0.64,0.66,0.63,0.59

Socket AWS:
End-to-end Latency: 1213.00,1985.33,2178.33,2149.33,2199.67,2113.33,2094.33,2213.50,2073.00,2142.33
FPS: Infinity,0.50,0.46,0.47,0.45,0.47,0.48,0.45,0.48,0.47