

Socket:
End-to-end Latency: 922.40,1357.60,1278.80,1268.25,1305.20,1318.20,1337.75,1277.80,1330.20,1326.75
FPS: Infinity,0.76,0.78,0.79,0.78,0.76,0.75,0.79,0.76,0.76

Mobile:
End-to-end Latency: 1871.00,1161.60,1177.00,1202.20,1175.20,1170.40,1152.60,1135.00,1219.40,1387.75
FPS: Infinity,0.79,0.78,0.76,0.78,0.79,0.80,0.82,0.75,0.69

Socket AWS:
End-to-end Latency: 1050.33,1772.50,1955.00,1839.33,1910.67,2029.00,1944.33,1917.25,1906.67,1935.33
FPS: Infinity,0.56,0.52,0.54,0.52,0.50,0.52,0.52,0.53,0.52