

Socket:
End-to-end Latency: 1223.25,1649.50,1744.00,1741.50,1781.67,1803.67,1777.25,1731.33,1781.75,1815.00
FPS: Infinity,0.61,0.58,0.58,0.56,0.56,0.56,0.58,0.56,0.56



Mobile:
End-to-end Latency: 2937.00,1921.00,1977.33,1929.67,1840.25,1879.50,2070.00,1962.33,1937.67,1893.00
FPS: Infinity,0.48,0.47,0.49,0.51,0.51,0.46,0.49,0.49,0.50

Socket AWS:
End-to-end Latency: 1423.00,2393.33,2513.00,2465.67,2447.00,2459.33,2505.50,2463.50,2469.67,2469.00
FPS: Infinity,0.42,0.40,0.41,0.41,0.41,0.40,0.41,0.41,0.41