

Mobile:
End-to-end Latency: 2159.33,1426.50,1480.00,1456.00,1546.75,1451.25,1466.00,1441.00,1482.75,1457.50
FPS: Infinity,0.66,0.65,0.66,0.62,0.66,0.66,0.66,0.64,0.65

Socket:
End-to-end Latency: 553.50,703.25,609.40,605.20,599.90,615.30,659.00,603.60,614.78,631.10
FPS: Infinity,1.45,1.65,1.67,1.68,1.63,1.54,1.66,1.66,1.61

Socket (AWS):
End-to-end Latency: 1120.50,1996.67,2068.33,2094.33,2270.50,2318.67,2352.00,2317.67,2455.67,2058.50
FPS: Infinity,0.52,0.48,0.48,0.44,0.43,0.43,0.44,0.41,0.48