

Mobile:
End-to-end Latency: 2780.00,1930.67,1919.67,2012.00,1958.33,1885.50,1839.25,2043.33,1973.67,1846.00
FPS: Infinity,0.49,0.49,0.48,0.49,0.51,0.52,0.47,0.48,0.52

Socket:
End-to-end Latency: 687.75,770.25,735.63,745.88,769.88,735.63,706.50,742.63,717.22,731.50
FPS: Infinity,1.30,1.36,1.34,1.31,1.37,1.41,1.36,1.40,1.37

Socket (AWS):
End-to-end Latency: 1253.00,1643.33,1601.75,2614.00,2504.33,2457.00,2493.50,2558.67,1653.50,1625.33
FPS: Infinity,0.61,0.62,0.39,0.40,0.41,0.41,0.39,0.61,0.61