

Socket:
End-to-end Latency: 84,61.5,178,217,54.5,183.5,59,194.5,51.5,215,101,64,192.5,64.5,216.5,112.5,68,199.5,49,192.5,103,130,48.5,213,56.5,216,62,225.5,52,123,188,57.5,205.5,52.5,191.5,88,149.5,58.5,205,52,201.5,39,209.5,54.5,209,109,55.5,196.5,64.5,179,73.5,166,71.5,208.5,53,207,62.5,202.5,51,114,215.5,63,179,63,196,56,198,77.5,192,70,202.5,53.5,201,59.5,204.5,47.5,187.5,67,204.5,45,203.5,42.5,183.5,64,210.5,52,210.5,60.5,167.5,52,270.5,37.5,191.5,70,183,45,208,77,178.5,61.5,203,54,202,63.5,188.5,44.5,210,59,198,72,173,70.5,173,70.5,195,53,211,79.5,169.5
FPS: 5.95,8.13,2.81,2.30,9.17,2.72,8.47,2.57,9.71,2.33,4.95,7.81,2.60,7.75,2.31,4.44,7.35,2.51,10.20,2.60,4.85,3.85,10.31,2.35,8.85,2.31,8.06,2.22,9.62,4.07,2.66,8.70,2.43,9.52,2.61,5.68,3.34,8.55,2.44,9.62,2.48,12.82,2.39,9.17,2.39,4.59,9.01,2.54,7.75,2.79,6.80,3.01,6.99,2.40,9.43,2.42,8.00,2.46,9.80,4.39,2.32,7.94,2.79,7.94,2.55,8.93,2.53,6.45,2.60,7.14,2.47,9.35,2.49,8.40,2.44,10.53,2.67,7.46,2.44,11.11,2.46,11.76,2.72,7.81,2.38,9.62,2.38,8.26,2.99,9.62,1.85,13.33,2.61,7.14,2.73,11.11,2.40,6.49,2.80,8.13,2.46,9.26,2.48,7.87,2.65,11.24,2.38,8.47,2.53,6.94,2.88,7.09,2.89,7.09,2.56,9.43,2.37,6.29,2.95

Binary:
End-to-end Latency: 141.5,37.5,29,85,168.5,101.5,83.5,218.5,63,195,47,118.5,189,65.5,178,87,74,198,83,81.5,202.5,60,106.5,231,52,119.5,169,62,200,64.5,196.5,43,213.5,62.5,187.5,40.5,194,43,238,68.5,168,57.5,188,70.5,99.5,165.5,51,215.5,64,170,37,193.5,68,139,47.5,210.5,61.5,55,408,58.5,52.5,612,56.5,61,242,91,102,132,62.5,198.5,72.5,214.5,59.5,196.5,84,47.5,277,63.5,71,531,46,198,54.5,200.5,107,85.5,183,90,164
FPS: 3.53,13.33,17.24,5.88,2.97,4.93,5.99,2.29,7.94,2.56,10.64,4.22,2.65,7.63,2.81,5.75,6.76,2.53,6.02,6.13,2.47,8.33,4.69,2.16,9.62,4.18,2.96,8.06,2.50,7.75,2.54,11.63,2.34,8.00,2.67,12.35,2.58,11.63,2.10,7.30,2.97,8.70,2.66,7.09,5.03,3.02,9.80,2.32,7.81,2.94,13.51,2.58,7.35,3.60,10.53,2.38,8.13,9.09,1.23,8.55,9.52,0.82,8.85,8.20,2.07,5.49,4.90,3.79,8.00,2.52,6.90,2.33,8.40,2.54,5.95,10.53,1.81,7.81,7.04,0.94,10.87,2.53,9.17,2.49,4.67,5.85,2.73,5.56,3.05

Mobile:
End-to-end Latency: 215,217,249,278,238,231,238,295,325,404,312,238,322,324,236,224,268,304,314,227,223,237,223,222,220,260,216,218,254,234,245,236,270,289,264,336,332,362,439,396,339,220,226,266,355,267,230,221,224,254,253,212,283,385,211,214,200,198,261,191,193,250,290,245,272,268,291,292,249,290,258,379,193,290,315,183,204,188,185,282,299,213,198,216,271,265,188,244,203,194,196,196,195,190,198,188,186,201,191,209,266,342,255,204,188,191,229,199,198,215,195,314,242,209,244,188,190,217,221,198,303,212,200,191,198,204,244,194,207,265,202,259,215,253,192,258,215,196,194,222,184,187,202,185,189,242,189,187,227,193,185
FPS: 4.12,4.57,4.00,3.60,3.52,4.33,4.20,3.15,3.08,2.48,2.72,4.18,3.11,2.94,4.24,4.46,3.39,3.29,3.18,4.10,4.48,4.22,4.05,4.48,4.55,3.60,4.63,4.59,3.69,4.27,4.08,4.03,3.70,3.46,3.52,2.98,3.01,2.52,2.28,2.53,2.58,4.57,4.41,3.61,2.81,3.75,3.94,4.52,4.44,3.70,3.95,4.72,3.38,2.59,4.74,4.35,5.00,5.03,3.64,5.24,5.18,3.77,3.44,4.08,3.40,3.73,3.44,3.15,4.02,3.45,3.45,2.64,5.18,3.26,3.17,5.43,4.65,5.32,5.41,3.45,3.34,4.69,4.81,4.63,3.69,3.57,5.29,4.10,4.50,5.15,5.10,4.69,5.13,5.24,4.61,5.32,5.35,4.76,5.21,4.78,3.44,2.92,3.92,4.55,5.32,5.24,4.00,5.03,5.05,4.37,5.13,3.18,3.86,4.78,4.10,4.90,5.24,4.61,4.05,5.05,3.29,4.50,4.98,5.21,4.57,4.90,4.10,4.88,4.83,3.75,4.52,3.85,4.63,3.75,5.18,3.88,4.37,5.10,5.15,4.31,5.43,5.32,4.65,5.38,5.29,3.98,5.29,5.29,4.22,5.18,5.41