

Socket:
End-to-end Latency: 66.23,52.75,55.03,70.66,55.23,55.71,56.93,55.85,57.48,65.21
FPS: 16.68,20.42,19.80,18.05,19.73,19.43,18.65,19.44,18.55,16.68

Mobile:
End-to-end Latency: 80.81,68.60,71.04,72.70,70.68,68.36,68.22,69.90,74.51,69.09
FPS: 12.55,13.93,13.67,13.57,13.80,14.23,14.21,13.98,13.22,13.96

Socket:
End-to-end Latency: 53.86,56.44,52.86,58.06,57.50,55.23,55.90,55.01,55.73,59.38
FPS: 19.73,19.18,19.94,19.08,18.68,19.60,19.34,19.35,19.22,18.06

Socket:
End-to-end Latency: 57.00,53.25,55.89,53.55,55.84,52.05,54.26,51.98,55.30,51.79
FPS: 18.83,19.73,18.69,19.57,19.50,19.96,19.47,20.31,19.44,20.03