

Socket:
End-to-end Latency: 329.5,60,297.5,807,69,600.5,42,653.5,61,681.5,82.5,627.5,67,677.5,50.5,320,598.5,37,679.5,45,680.5,47,582,43,571.5,68.5,618.5,54,721,35.5,591.5,56,570,53,587,69.5,663.5,58.5,553,76,570.5,53,613,49.5,582,49.5,685.5,56,629.5,49,673,55.5,584.5,64.5,631.5,82,547,64.5,633.5,68.5,663,47,653,72
FPS: 1.51,8.33,1.68,0.62,7.25,0.83,11.90,0.77,8.20,0.73,6.06,0.80,7.46,0.74,9.90,1.56,0.84,13.51,0.74,11.11,0.73,10.64,0.86,11.63,0.87,7.30,0.81,9.26,0.69,14.08,0.85,8.93,0.88,9.43,0.85,7.19,0.75,8.55,0.90,6.58,0.88,9.43,0.82,10.10,0.86,10.10,0.73,8.77,0.79,10.20,0.74,9.01,0.86,7.75,0.79,6.10,0.91,7.75,0.79,7.30,0.75,10.64,0.77,6.94

Binary:
End-to-end Latency: 82.5,522,65.5,83.5,841,42.5,373,631,51,641,104.5,689,43,610.5,59.5,674.5,77.5,641,68.5,318.5,620.5,101.5,629,62.5,648.5,55.5,672,55,653.5,47.5,62.5,974,48,72.5,918.5,46,58,989,53,619.5,69,606.5,49.5,76,84.5,129,329.5,305,351,244,259,304.5,312.5,352,229.5,314,297.5,304.5,272,287,321.5,297
FPS: 6.06,0.96,7.58,5.99,0.59,11.76,1.34,0.79,9.80,0.78,4.78,0.73,11.63,0.82,8.40,0.74,6.45,0.78,7.30,1.57,0.81,4.90,0.79,8.00,0.77,9.01,0.74,9.09,0.77,10.53,8.00,0.51,10.42,6.90,0.54,10.87,8.62,0.51,9.43,0.81,7.25,0.82,10.10,6.58,5.92,3.88,1.52,1.64,1.42,2.05,1.93,1.64,1.60,1.42,2.18,1.59,1.68,1.64,1.84,1.74,1.56,1.68

Mobile:
End-to-end Latency: 973,1145,1012,1091,1256,1091,1195,973,870,1221,1043,1220,1126,1143,876,1201,958,1187,1526,1111,891,1036,1213,1005,887,1060,934,1048,964,1031,951,937,917,967,855
FPS: 0.96,0.87,0.99,0.89,0.80,0.90,0.84,1.01,1.15,0.81,0.96,0.80,0.89,0.86,1.14,0.82,1.04,0.83,0.66,0.87,1.12,0.94,0.82,0.97,1.13,0.93,1.07,0.94,1.04,0.96,1.05,1.05,1.09,1.01,1.17