

Socket:
End-to-end Latency: 107,117,92,53.5,97,63.5,82,75,68,106,59.5,109.5,59,105,65.5,91,74.5,99,63.5,93.5,91,59,103.5,71.5,70.5,117,48.5,105.5,52.5,103,64,105,101.5,77,93,96.5,50.5,105,67.5,82,106,55.5,112,57,93,81,72,71,106,43,106.5,54.5,98.5,109,52,103.5,87.5,62,89.5,72.5,95.5,78.5,66.5,100,99,64.5,106.5,59.5,104,63,69,105,57,73.5,84.5,86,59,118,51.5,101,66,105.5,74,57.5,127.5,69.5,87.5,83.5,57.5,110,52,94,48,104,64,94,69,107,55,122.5,55.5,101,71,96,65.5,88,63.5,79,55.5,104,66,95,52,101.5,67,105,46,112.5,36,142,52.5,96,57.5,94,53.5,107,53.5,104.5,72,98.5,55.5,119,45,110,65.5,101.5,47,100,69.5,68,75,99.5,63.5,105,71.5,74,60,99,64.5,92.5,101.5,85.5,51.5,102.5,57.5,77,80,79,76.5,105.5,40,115,66.5,80.5,72.5,99,54,115,58,119,48.5,98,62,100,68.5,104,43,107,67,61.5,99,53,114.5,90.5,52,112.5,51.5,94.5
FPS: 4.67,4.27,5.43,9.35,5.15,7.87,6.10,6.67,7.35,4.72,8.40,4.57,8.47,4.76,7.63,5.49,6.71,5.05,7.87,5.35,5.49,8.47,4.81,6.99,7.09,4.27,10.31,4.74,9.52,4.85,7.81,4.76,4.93,6.49,5.38,5.18,9.90,4.76,7.41,6.10,4.72,9.01,4.46,8.77,5.38,6.17,6.94,7.04,4.72,11.63,4.69,9.17,5.08,4.59,9.62,4.83,5.71,8.06,5.59,6.90,5.24,6.37,7.46,5.00,5.03,7.75,4.69,8.40,4.81,7.94,7.25,4.74,8.77,6.80,5.92,5.81,8.47,4.24,9.71,4.95,7.58,4.74,6.76,8.70,3.92,7.19,5.71,5.99,8.70,4.55,9.62,5.32,10.42,4.78,7.81,5.32,7.25,4.67,9.09,4.08,9.01,4.95,7.04,5.21,7.63,5.68,7.87,6.33,9.01,4.78,7.58,5.26,9.62,4.93,7.46,4.76,10.87,4.44,13.89,3.52,9.52,5.21,8.70,5.32,9.35,4.67,9.35,4.78,6.94,5.08,9.01,4.20,11.11,4.55,7.63,4.93,10.53,5.00,7.19,7.35,6.67,5.03,7.87,4.76,6.99,6.76,8.33,5.05,7.75,5.41,4.93,5.85,9.71,4.88,8.70,6.49,6.25,6.33,6.54,4.74,12.50,4.35,7.52,6.21,6.90,5.05,9.26,4.35,8.62,4.20,10.31,5.10,8.06,5.00,7.30,4.81,11.63,4.67,7.46,8.13,5.05,9.43,4.37,5.52,9.62,4.44,9.71,5.29

Binary:
End-to-end Latency: 148.5,37.5,87,66,119.5,59,127.5,56.5,136,49,148.5,52.5,142,62,141,75,132,68.5,153.5,58,122.5,98.5,51.5,118.5,64.5,115.5,60,141.5,72,124.5,54,147.5,38.5,109.5,123,44,123,73,121,63.5,114.5,96,75.5,128.5,47.5,147,65.5,170,41.5,127,52,135,49,139,125,52,128,52,135,47.5,139,67.5,106.5,46,110.5,47,115,51.5,140.5,46.5,113.5,72.5,113,58.5,118.5,108,57,126,63.5,112,60.5,128.5,83.5,102.5,85,98.5,68,132,59.5,135,76,122,63.5,111.5,67.5,143.5,37.5,125,57,114.5,67,130,34.5,130,70.5,114,51,127,47,134.5,76,112.5,59.5,104.5,54,100.5,60,124.5,53.5,124,50.5,121.5,55.5,121,70.5,108.5,61,117,76,110,45,173.5,52,116,68.5,122,60,108,90,77,80,110,48.5,121.5,56.5,99.5,116,61.5,130,42.5,116.5,76,51,126.5,59,110.5,62,108.5,45,131.5,33.5,168,75.5,93
FPS: 3.37,13.33,5.75,7.58,4.18,8.47,3.92,8.85,3.68,10.20,3.37,9.52,3.52,8.06,3.55,6.67,3.79,7.30,3.26,8.62,4.08,5.05,9.71,4.22,7.75,4.33,8.33,3.53,6.94,4.02,9.26,3.39,12.99,4.57,4.07,11.36,4.07,6.85,4.13,7.87,4.37,5.21,6.58,3.88,10.53,3.40,7.63,2.94,12.05,3.94,9.62,3.70,10.20,3.60,4.00,9.62,3.91,9.52,3.70,10.53,3.60,7.41,4.67,10.87,4.52,10.64,4.35,9.71,3.56,10.75,4.41,6.90,4.42,8.55,4.22,4.63,8.77,3.97,7.87,4.46,8.26,3.89,5.99,4.88,5.88,5.08,7.35,3.79,8.40,3.70,6.58,4.10,7.87,4.48,7.41,3.48,13.33,4.00,8.77,4.37,7.46,3.85,14.49,3.85,7.09,4.39,9.80,3.94,10.64,3.72,6.58,4.44,8.40,4.78,9.26,4.98,8.33,4.02,9.35,4.03,9.90,4.12,9.01,4.12,7.09,4.61,8.20,4.27,6.58,4.55,11.11,2.88,9.62,4.31,7.30,4.10,8.33,4.63,5.56,6.49,6.25,4.55,10.31,4.12,8.85,5.03,4.31,8.13,3.85,11.76,4.29,6.58,9.80,3.95,8.47,4.52,8.06,4.61,11.11,3.80,14.93,2.98,6.62,5.38

Mobile:
End-to-end Latency: 163,146,156,154,109,154,118,164,158,204,245,159,180,199,207,258,150,145,133,109,143,126,163,123,158,124,113,135,112,203,114,119,115,166,111,113,111,121,148,181,116,133,116,205,133,118,123,156,111,209,123,145,112,127,121,126,115,116,111,116,112,128,113,189,158,109,117,161,118,154,109,144,115,122,114,117,175,119,109,172,111,119,120,152,115,118,119,177,109,115,108,171,114,125,171,127,113,173,118,114,110,139,117,116,113,123,113,188,214,163,125,146,112,175,120,197,124,164,142,161,118,128,114,183,113,117,114,126,116,119,114,162,121,164,115,195,111,143,113,174,181,131,113,149,124,163,111,123,117,127,149,132,189,180,155,152,148,161,113,120,112,133,170,167,113,113,119,117,126,165,121,215,241,142,153,190,114,118,146,125,133,208,158,151,128,203,109,199,118
FPS: 4.74,6.71,6.41,5.56,9.17,5.52,8.47,5.35,6.33,3.92,4.08,4.41,5.56,4.46,4.83,3.58,6.62,6.17,7.46,8.06,6.94,7.19,6.13,7.25,6.33,6.99,8.85,6.90,8.93,4.52,8.77,7.41,8.70,5.38,9.01,7.94,9.01,7.52,6.71,5.21,8.55,6.99,8.62,4.65,7.52,7.35,8.13,5.88,8.93,4.52,8.13,6.41,8.93,7.09,8.20,7.35,8.70,7.94,9.01,7.94,8.85,7.25,8.85,4.98,6.29,8.00,8.55,5.85,8.47,5.78,9.17,6.25,8.62,6.67,8.77,7.52,5.68,7.25,9.17,5.18,9.01,7.52,8.33,5.99,8.62,7.75,8.40,5.32,9.09,7.81,9.17,5.46,8.77,6.94,5.81,7.19,8.85,5.32,8.40,7.63,9.09,6.37,8.55,7.87,8.85,7.30,8.85,4.29,4.65,5.62,8.00,6.02,8.85,5.32,8.26,4.83,8.00,5.62,7.04,5.56,8.47,7.04,8.70,5.15,8.85,7.94,8.70,7.30,8.55,7.52,8.85,5.71,8.26,5.49,8.70,4.78,9.01,6.37,8.85,5.41,5.52,6.94,8.85,6.21,8.06,4.90,9.01,7.04,8.55,7.09,6.71,6.90,5.29,4.63,6.45,5.88,6.76,5.81,8.85,7.75,8.93,6.90,5.85,5.35,8.85,8.06,8.40,7.52,7.94,5.62,8.20,4.10,4.15,5.81,6.49,4.83,8.70,7.58,6.85,5.92,7.52,4.52,6.33,6.06,7.81,4.55,9.09,4.46,8.47