

Socket:
End-to-end Latency: 228.5,262,698.5,437,447,485.5,499,492,475,493.5,525.5,450,562,523.5,509,464.5,495,538.5,555,526.5,511.5,477.5,718,434,533,482.5,491,495,515.5,469.5,454,513,523.5,581.5,538,604.5,532.5,474,529.5,537,554,520,567.5
FPS: 2.19,1.91,0.72,1.14,1.12,1.03,1.00,1.02,1.05,1.01,0.95,1.11,0.89,0.96,0.98,1.08,1.01,0.93,0.90,0.95,0.98,1.05,0.70,1.15,0.94,1.04,1.02,1.01,0.97,1.06,1.10,0.97,0.96,0.86,0.93,0.83,0.94,1.05,0.94,0.93,0.90,0.96,0.88

Binary:
End-to-end Latency: 225.5,303,318,359.5,480.5,445.5,472.5,476,448.5,544.5,393,501,487.5,446.5,500.5,470.5,512.5,524,477,433,478,591.5,418.5,505,545.5,443.5,522.5,465.5,491,440,497.5,421,620,495,547.5,413.5,520,446,513,567.5,459.5,489,543,528,538.5,451,512,480,560.5,453,553.5,510,585,510
FPS: 2.22,1.65,1.57,1.39,1.04,1.12,1.06,1.05,1.11,0.92,1.27,1.00,1.03,1.12,1.00,1.06,0.98,0.95,1.05,1.15,1.05,0.85,1.19,0.99,0.92,1.13,0.96,1.07,1.02,1.14,1.01,1.19,0.81,1.01,0.91,1.21,0.96,1.12,0.97,0.88,1.09,1.02,0.92,0.95,0.93,1.11,0.98,1.04,0.89,1.10,0.90,0.98,0.85,0.98

Mobile:
End-to-end Latency: 197,235,143,183,165,129,132,152,145,133,176,203,197,189,184,148,168,141,131,162,141,170,207,150,132,186,132,140,183,212,149,229,133,131,164,137,131,164,132,131,179,130,132,157,133,132,160,136,160,202,132,196,155,129,146,202,166,144,219,140,138,156,135,134,135,133,136,132,131,133,202,144,187,166,133,133,136,135,134,144,136,133,135,154,133,148,138,136,210,206,186,170,132,130,162,132,134,140,133,156,172,134,133,199,137,144,147,132,131,195,130,132,185,132,136,183,159,145,175,131,134,158,147,132,140,141,188,205,136,159,159,134,139,196,129,134,167,129,128,155,137,177,166,184,164,196,130,133,154,137,134,167,137,129,137,133,159,169,136,145,164,139,140,147,136,136,134,133,134,186,130,134,163,137,142,172,131,133,241,190,130,182,171,212,187,157,210,140,132,128,160,131,135,197,176,139,132,130,130,185,212,241,145,154,171,171,243,199,200,133,130,181,202,267,185,196,184,155,188,161,252,136,137
FPS: 2.51,4.22,6.99,5.46,3.56,7.75,7.52,5.13,6.90,7.52,4.48,4.93,5.08,2.67,5.43,6.71,4.55,7.09,7.63,4.37,7.09,5.88,4.08,6.67,7.58,4.35,7.58,7.14,4.50,4.69,6.71,3.73,7.52,7.63,4.90,7.25,7.63,4.74,7.52,7.63,4.46,7.69,7.52,4.67,7.46,7.58,4.81,7.30,6.25,4.17,7.58,5.10,5.13,7.75,6.85,4.18,5.99,6.94,3.80,7.14,7.25,5.05,7.41,7.46,5.78,7.52,7.35,5.92,7.58,7.46,4.17,6.94,5.35,4.95,7.46,7.52,5.75,7.41,7.46,5.46,7.35,7.52,5.71,6.49,7.52,5.35,7.25,7.35,4.08,4.83,5.38,4.65,7.58,7.69,4.98,7.58,7.46,5.65,7.52,6.37,4.74,7.41,7.52,4.00,7.30,6.94,5.38,7.52,7.63,4.13,7.63,7.58,4.52,7.58,7.35,4.26,6.29,6.90,4.57,7.58,7.46,5.05,6.80,7.58,5.68,7.09,5.32,4.00,7.30,6.25,4.44,7.41,7.19,3.98,7.75,7.46,4.46,7.75,7.81,5.13,7.25,5.62,4.46,5.43,6.10,3.79,7.69,7.52,4.93,7.30,7.46,4.74,7.25,7.75,5.59,7.52,6.29,4.44,7.35,6.90,4.61,7.19,7.14,4.76,7.35,7.35,5.62,7.46,7.41,4.33,7.69,7.46,4.74,7.30,6.99,4.42,7.63,7.52,3.51,5.24,7.69,4.44,5.81,4.72,4.41,6.37,4.76,5.00,7.58,7.75,4.85,7.63,7.35,3.88,5.68,7.19,5.92,7.63,7.69,4.37,4.69,4.15,5.18,6.49,5.81,4.44,4.10,5.03,3.73,7.52,7.69,4.44,4.93,3.73,4.26,5.10,5.43,4.83,5.32,6.21,3.08,7.35,7.25