

Socket:
End-to-end Latency: 109,166,156,169.5,196,203.5,134,133.5,141,175.5,150,143.5,142,153.5,111.5,165,132,143,194,143.5,151,153,180.5,201.5,147.5,165.5,146.5,159.5,170,183,167.5,166.5,165,220.5,174.5,189,201.5,172,202,158,219,189,232,212.5,220,197,235.5,214,190.5,207.5,199.5,200,301.5,343.5,191.5,199.5,250,233.5,239,196,249,206,189.5,225.5,225.5,172,265,216.5,287.5,254,240.5,253,327,221.5,215,219,231.5,224
FPS: 4.59,3.01,3.19,2.95,2.55,2.45,3.73,3.75,3.53,2.85,3.33,3.48,3.52,3.26,4.46,3.03,3.79,3.48,2.58,3.48,3.31,3.27,2.77,2.48,3.39,3.02,3.41,3.13,2.94,2.73,2.99,3.00,3.03,2.27,2.87,2.65,2.48,2.91,2.48,3.16,2.28,2.65,2.16,2.35,2.27,2.54,2.12,2.34,2.62,2.41,2.51,2.50,1.66,1.46,2.61,2.50,2.00,2.14,2.09,2.55,2.01,2.43,2.64,2.22,2.22,2.91,1.89,2.31,1.74,1.97,2.08,1.98,1.53,2.26,2.33,2.28,2.16,2.23

Binary:
End-to-end Latency: 132.5,77.5,95,195,132.5,137,161.5,161.5,168,146,133.5,188.5,114,136,177,148,136,159,168,150.5,148.5,153.5,183,183.5,159,170.5,172,165,170.5,183.5,168,151.5,155.5,182.5,178.5,159,193.5,220,191,165.5,206,162,183,193,189.5,163.5,218,187,162.5,189.5,171,195.5,190,164.5,199.5,179,165.5,211,165.5,164.5,170.5,266,177.5,166.5,210.5,161.5,200.5,163,183,183,282,220.5,402.5,199.5,165.5,192.5,212,203.5,193.5,376.5,193,247.5,238,159,171.5,195,178,194.5,196,181.5,200,159.5,182.5,190,194,179.5,185.5,174,180.5,155.5,204,184.5,197,174,172,192,175.5,159.5,190,200.5,146.5,179,189.5,187,209.5,159,201,202.5,209
FPS: 3.77,6.45,5.26,2.56,3.77,3.65,3.10,3.10,2.98,3.42,3.75,2.65,4.39,3.68,2.82,3.38,3.68,3.14,2.98,3.31,3.37,3.26,2.73,2.72,3.13,2.93,2.91,3.03,2.93,2.72,2.98,3.30,3.22,2.74,2.80,3.14,2.58,2.27,2.62,3.02,2.43,3.09,2.73,2.59,2.64,3.06,2.29,2.67,3.08,2.64,2.92,2.56,2.63,3.04,2.51,2.79,3.02,2.37,3.02,3.04,2.93,1.88,2.82,3.00,2.38,3.10,2.49,3.07,2.73,2.73,1.77,2.27,1.24,2.51,3.02,2.60,2.36,2.46,2.58,1.33,2.59,2.02,2.10,3.14,2.92,2.56,2.81,2.57,2.55,2.75,2.50,3.13,2.74,2.63,2.58,2.79,2.70,2.87,2.77,3.22,2.44,2.71,2.54,2.87,2.91,2.60,2.85,3.13,2.63,2.49,3.41,2.79,2.64,2.67,2.39,3.14,2.49,2.47,2.39

Mobile:
End-to-end Latency: 107,71,100,70,49,67,46,58,46,47,49,88,54,50,44,45,46,52,52,92,63,57,63,74,53,106,58,58,62,66,63,88,46,41,67,52,41,58,43,86,48,75,58,99,52,44,44,43,43,48,44,57,44,50,42,88,54,48,45,87,49,44,41,44,44,43,40,44,60,58,41,42,58,56,52,61,41,62,65,59,42,42,42,58,55,52,43,86,52,45,52,62,61,59,45,71,51,71,43,58,41,48,40,84,51,51,40,44,58,61,45,81,50,44,78,53,50,60,44,59,84,59,44,43,40,75,50,75,48,45,43,47,42,50,41,60,43,76,49,56,79,51,43,92,53,92,50,43,59,51,42,46,60,87,56,57,64,60,50,142,57,46,44,57,56,65,56,82,55,60,40,82,45,43,45,81,76,87,49,47,100,55,91,52,85,70,59,62,45,50,42,49,41,49,46,48,42,46,48,42,42,42,47,45,72,54,42,46,58,46,47,46,43,47,47,46,42,47,86,59,52,78,46,104,50,60,41,93,52,50,42,66,63,98,50,78,60,45,43,65,42,69,43,58,43,64,41,51,51,57,49,90,57,53,61,51,53,91,70,80,67,61,44,101,58,112,72,84,57,76,48,55,43,75,105,93,56,45,43,43,40,77,46,59,42,67,51,64,45,67,46,93,46,58,87,56,44,70,44,51,43,79,54,57,42
FPS: 5.32,13.89,9.90,8.00,20.00,11.36,21.74,12.50,21.74,14.29,20.41,8.40,18.52,15.15,22.73,15.63,21.28,14.08,19.23,8.55,15.87,8.93,15.87,8.33,18.87,7.19,16.95,8.40,16.13,10.00,15.87,9.43,21.74,17.24,14.93,13.51,23.81,12.50,23.26,9.01,20.83,10.87,16.95,8.55,19.23,16.39,22.22,17.54,23.26,15.87,22.22,12.82,22.73,15.63,23.81,9.09,18.18,16.13,22.22,9.09,20.41,14.93,24.39,16.95,22.73,16.95,25.00,16.95,16.67,11.49,24.39,17.24,16.95,13.51,19.23,12.35,24.39,12.05,15.38,10.00,23.81,16.13,23.26,9.90,17.86,12.35,23.26,9.43,19.23,16.39,19.23,11.76,16.13,12.35,22.22,10.10,19.23,10.42,23.26,13.33,23.81,14.93,24.39,9.35,19.61,14.71,25.00,15.38,16.95,12.35,22.22,9.62,20.00,16.39,12.82,12.66,19.61,11.76,22.73,12.99,11.90,12.05,22.73,16.95,24.39,11.24,20.00,9.90,20.41,12.99,23.26,15.15,23.26,15.38,24.39,12.20,22.73,10.42,20.41,13.33,12.66,13.89,23.26,8.70,18.52,9.26,20.00,17.24,16.95,13.51,23.81,16.13,16.39,9.52,17.86,12.50,15.63,10.99,20.00,5.65,17.24,14.71,22.73,14.29,17.86,12.05,17.86,10.10,17.86,11.90,25.00,9.43,22.22,17.54,22.22,10.53,13.16,8.93,20.41,14.49,10.00,12.50,10.99,9.52,11.76,9.71,16.67,11.90,22.22,14.93,23.26,14.93,23.81,14.29,21.74,13.70,23.81,16.13,20.83,17.86,23.81,17.54,21.28,16.95,13.89,14.29,23.26,16.67,17.24,16.39,21.28,16.67,22.73,15.15,21.28,16.95,23.26,16.39,11.63,11.90,19.23,10.53,21.74,8.40,19.61,13.51,23.81,9.09,18.87,14.49,23.81,11.24,15.87,8.06,19.61,10.31,16.67,14.71,23.26,11.76,23.81,10.75,23.26,12.66,23.26,12.35,23.81,14.49,19.61,10.99,20.00,8.70,17.54,12.05,16.39,13.70,18.87,7.41,14.29,8.33,14.93,11.24,22.22,7.69,17.24,7.09,13.89,9.09,17.54,10.10,20.83,14.29,23.26,10.99,9.52,8.40,17.86,15.87,23.26,16.39,25.00,10.20,21.74,10.99,23.81,12.05,19.61,11.63,22.22,10.20,21.74,9.17,21.28,10.31,11.36,12.05,22.73,9.52,22.22,14.29,22.73,9.52,18.52,11.63,23.81