

Socket:
End-to-end Latency: 833,600.5,650,1938,1328.5,1415,1112.5,1352.5,1397,1320.5,1250,1376,1267,1439,1380.5,1163.5,1274.5,1214,1365,1374.5,1188
FPS: 0.60,0.83,0.77,0.26,0.38,0.35,0.45,0.37,0.36,0.38,0.40,0.36,0.39,0.35,0.36,0.43,0.39,0.41,0.37,0.36,0.42

Binary:
End-to-end Latency: 873,662,830,573,874.5,1173.5,1272.5,1225.5,1205.5,1181.5,1115.5,1172.5,1166,1170,1166.5,1282.5,1105.5,1192,1194.5,1293.5,1286.5,1149.5,1215.5,1205.5
FPS: 0.57,0.76,0.60,0.87,0.57,0.43,0.39,0.41,0.41,0.42,0.45,0.43,0.43,0.43,0.43,0.39,0.45,0.42,0.42,0.39,0.39,0.43,0.41,0.41

Mobile:
End-to-end Latency: 352,351,333,340,411,483,315,309,311,344,339,367,305,345,311,371,322,363,348,321,364,357,348,345,314,482,313,309,308,343,307,316,312,379,346,374,481,451,321,333,338,356,305,311,321,316,313,312,314,411,425,312,450,568,345,322,314,330,310,311,312,586,497,317,313,420,422,341,332,363,305,312,318,316,306,312,320,440,374,309,349,432,502,347,407,467,321,333,392,478,390,367,311,352,313,385,382,417,314,312,306,368,335,345,364,430,313,321,317,333,309,374,306,424,410,463,310
FPS: 1.39,2.83,3.00,2.94,2.43,0.99,3.16,3.24,3.22,2.20,2.95,2.72,3.28,2.35,3.22,2.70,3.11,2.06,2.87,3.12,2.75,2.23,2.87,2.90,3.18,1.78,3.19,3.24,3.25,2.30,3.26,3.16,3.21,2.15,2.89,2.67,2.08,1.90,3.12,3.00,2.96,2.13,3.28,3.22,3.12,2.55,3.18,3.21,3.18,1.96,2.35,3.21,2.22,1.45,2.90,3.11,3.18,2.38,3.23,3.22,3.19,1.47,2.01,3.15,3.19,1.96,2.36,2.92,3.01,2.22,3.28,3.21,3.14,2.51,3.27,3.21,3.13,1.87,2.67,3.24,2.87,1.79,2.00,2.87,2.46,1.69,3.12,3.00,2.55,1.69,2.56,2.72,3.22,2.28,3.19,2.60,2.62,1.98,3.18,3.21,3.27,2.16,2.99,2.90,2.74,1.95,3.19,3.12,3.15,2.41,3.24,2.67,3.26,1.98,2.44,2.16,3.23